{"nbformat":4,"nbformat_minor":0,"metadata":{"colab":{"name":"Topic_modeling(LSA).ipynb","provenance":[],"collapsed_sections":[],"authorship_tag":"ABX9TyPeud+fLCf5k6Wi0ObeSO3P"},"kernelspec":{"name":"python3","display_name":"Python 3"}},"cells":[{"cell_type":"markdown","metadata":{"id":"w3ezcxzsWMQo","colab_type":"text"},"source":["#LSA를 사용한 토픽 모델링 구현"]},{"cell_type":"markdown","metadata":{"id":"gKKLVWggl3mS","colab_type":"text"},"source":["###1. 문서 정의"]},{"cell_type":"code","metadata":{"id":"1GT0bSb_V8mE","colab_type":"code","colab":{}},"source":["#문서 정의\n","docs = ['바나나 사과 포도 포도 짜장면',\n","          '사과 포도',\n","          '짜장면 짬뽕 탕수육',\n","          '볶음밥 탕수육',\n","          '짜장면 짬뽕',\n","          '라면 스시',\n","          '스시 짜장면',\n","          '가츠동 스시 소바',\n","          '된장찌개 김치찌개 김치',\n","          '김치 된장 짜장면',\n","          '비빔밥 김치'\n","          ]"],"execution_count":null,"outputs":[]},{"cell_type":"markdown","metadata":{"id":"6Hx-g_wzl1fY","colab_type":"text"},"source":["### 2. 문서별 등장 단어 토큰화(리스트)"]},{"cell_type":"code","metadata":{"id":"I_M9-_1C92iq","colab_type":"code","colab":{"base_uri":"https://localhost:8080/","height":210},"executionInfo":{"status":"ok","timestamp":1596290828952,"user_tz":-540,"elapsed":851,"user":{"displayName":"배진우","photoUrl":"","userId":"13417365113839528176"}},"outputId":"9e4e7685-1b23-4290-a827-df86f21f0306"},"source":["doc_ls = [doc.split() for doc in docs]\n","doc_ls"],"execution_count":null,"outputs":[{"output_type":"execute_result","data":{"text/plain":["[['바나나', '사과', '포도', '포도', '짜장면'],\n"," ['사과', '포도'],\n"," ['짜장면', '짬뽕', '탕수육'],\n"," ['볶음밥', '탕수육'],\n"," ['짜장면', '짬뽕'],\n"," ['라면', '스시'],\n"," ['스시', '짜장면'],\n"," ['가츠동', '스시', '소바'],\n"," ['된장찌개', '김치찌개', '김치'],\n"," ['김치', '된장', '짜장면'],\n"," ['비빔밥', '김치']]"]},"metadata":{"tags":[]},"execution_count":2}]},{"cell_type":"markdown","metadata":{"id":"6h5QhD0-mmmJ","colab_type":"text"},"source":["###3. 토큰 인덱싱"]},{"cell_type":"code","metadata":{"id":"vbEUemY5-Gw0","colab_type":"code","colab":{"base_uri":"https://localhost:8080/","height":336},"executionInfo":{"status":"ok","timestamp":1596291087418,"user_tz":-540,"elapsed":655,"user":{"displayName":"배진우","photoUrl":"","userId":"13417365113839528176"}},"outputId":"f8002e1d-2771-4d59-ab1e-0fece74ffd96"},"source":["from collections import defaultdict\n","\n","word2id = defaultdict(lambda : len(word2id))\n","[word2id[token] for doc in doc_ls for token in doc ]     \n","\n","print(word2id)\n","\n","id2word ={}\n","for k,v in word2id.items():\n","    id2word[v] = k\n","id2word"],"execution_count":null,"outputs":[{"output_type":"stream","text":["defaultdict(<function <lambda> at 0x7fb84b327158>, {'바나나': 0, '사과': 1, '포도': 2, '짜장면': 3, '짬뽕': 4, '탕수육': 5, '볶음밥': 6, '라면': 7, '스시': 8, '가츠동': 9, '소바': 10, '된장찌개': 11, '김치찌개': 12, '김치': 13, '된장': 14, '비빔밥': 15})\n"],"name":"stdout"},{"output_type":"execute_result","data":{"text/plain":["{0: '바나나',\n"," 1: '사과',\n"," 2: '포도',\n"," 3: '짜장면',\n"," 4: '짬뽕',\n"," 5: '탕수육',\n"," 6: '볶음밥',\n"," 7: '라면',\n"," 8: '스시',\n"," 9: '가츠동',\n"," 10: '소바',\n"," 11: '된장찌개',\n"," 12: '김치찌개',\n"," 13: '김치',\n"," 14: '된장',\n"," 15: '비빔밥'}"]},"metadata":{"tags":[]},"execution_count":9}]},{"cell_type":"markdown","metadata":{"id":"7EA93BFPmuTb","colab_type":"text"},"source":["###4. TDM, DTM 생성"]},{"cell_type":"code","metadata":{"id":"veDGHF54-KUX","colab_type":"code","colab":{"base_uri":"https://localhost:8080/","height":210},"executionInfo":{"status":"ok","timestamp":1596291950992,"user_tz":-540,"elapsed":658,"user":{"displayName":"배진우","photoUrl":"","userId":"13417365113839528176"}},"outputId":"e3ce1729-3b66-42ce-d490-018ad07ffe58"},"source":["import numpy as np \n","\n","TDM = np.zeros((len(word2id), len(doc_ls)), dtype=int)\n","for i, doc in enumerate(doc_ls):\n","  for token in doc:\n","      TDM[word2id[token], i] += 1 # 해당 토큰의 위치(column)\n","DTM = TDM.transpose()\n","DTM"],"execution_count":null,"outputs":[{"output_type":"execute_result","data":{"text/plain":["array([[1, 1, 2, 1, 0, 0, 0, 0, 0, 0, 0, 0, 0, 0, 0, 0],\n","       [0, 1, 1, 0, 0, 0, 0, 0, 0, 0, 0, 0, 0, 0, 0, 0],\n","       [0, 0, 0, 1, 1, 1, 0, 0, 0, 0, 0, 0, 0, 0, 0, 0],\n","       [0, 0, 0, 0, 0, 1, 1, 0, 0, 0, 0, 0, 0, 0, 0, 0],\n","       [0, 0, 0, 1, 1, 0, 0, 0, 0, 0, 0, 0, 0, 0, 0, 0],\n","       [0, 0, 0, 0, 0, 0, 0, 1, 1, 0, 0, 0, 0, 0, 0, 0],\n","       [0, 0, 0, 1, 0, 0, 0, 0, 1, 0, 0, 0, 0, 0, 0, 0],\n","       [0, 0, 0, 0, 0, 0, 0, 0, 1, 1, 1, 0, 0, 0, 0, 0],\n","       [0, 0, 0, 0, 0, 0, 0, 0, 0, 0, 0, 1, 1, 1, 0, 0],\n","       [0, 0, 0, 1, 0, 0, 0, 0, 0, 0, 0, 0, 0, 1, 1, 0],\n","       [0, 0, 0, 0, 0, 0, 0, 0, 0, 0, 0, 0, 0, 1, 0, 1]])"]},"metadata":{"tags":[]},"execution_count":18}]},{"cell_type":"markdown","metadata":{"id":"Je7tOeHNm01s","colab_type":"text"},"source":["###5. 특이값 분해(SVD)"]},{"cell_type":"code","metadata":{"id":"uNI38RDTqjwX","colab_type":"code","colab":{"base_uri":"https://localhost:8080/","height":1000},"executionInfo":{"status":"ok","timestamp":1596291955867,"user_tz":-540,"elapsed":668,"user":{"displayName":"배진우","photoUrl":"","userId":"13417365113839528176"}},"outputId":"ad2885ac-967a-4c8a-fde1-f4736e9b0777"},"source":["U, s, VT = np.linalg.svd(DTM)\n","\n","print(\"U:\\n {}\".format(U)) #k차원의 단어 벡터\n","print(\"s:\\n {}\".format(s)) \n","print(\"VT:\\n {}\".format(VT)) # 토픽별 문서의 벡터"],"execution_count":null,"outputs":[{"output_type":"stream","text":["U:\n"," [[ 7.98812658e-01  3.91612443e-01 -2.77706109e-02  5.87412337e-02\n","  -1.36804380e-02  7.27428005e-04  1.61417083e-03 -3.11947621e-02\n","   2.18134441e-01 -3.94045472e-01  1.72748939e-02]\n"," [ 3.21387244e-01  3.25423397e-01 -3.61001694e-02  8.89389952e-02\n","  -1.47114811e-01 -5.18081109e-03 -9.06096518e-03  1.10023848e-01\n","  -4.65825030e-01  7.27954351e-01 -2.87929283e-02]\n"," [ 2.78930159e-01 -4.40848548e-01  1.28639022e-01 -4.50942477e-01\n","  -2.14590228e-01  1.49423416e-01 -7.70781485e-02  2.15958459e-01\n","  -1.80751792e-01 -3.26553137e-02  5.94357139e-01]\n"," [ 3.74074339e-02 -1.22112593e-01  5.57410674e-02 -2.27587836e-01\n","  -7.69210287e-01 -3.54735905e-01  1.44223153e-01 -2.53894981e-01\n","   1.28664856e-01  2.01089971e-02 -3.30214908e-01]\n"," [ 2.45478445e-01 -3.40502204e-01  8.58375333e-02 -2.80517410e-01\n","   2.17095347e-01  2.79468806e-01 -1.22893301e-01  2.48963438e-01\n","  -9.32362485e-02  7.05059946e-04 -7.25760448e-01]\n"," [ 3.50069211e-02 -1.33137476e-01  3.38113560e-01  3.55710654e-01\n","  -4.43816791e-02  1.33186418e-02  7.12453966e-01  1.93215390e-01\n","  -3.62469420e-01 -2.45344118e-01 -3.93738803e-02]\n"," [ 2.21328918e-01 -3.10634557e-01  2.95674338e-01  1.69569407e-01\n","   1.91088843e-01  1.26900971e-02  2.39877698e-01 -1.30404158e-01\n","   6.13658825e-01  4.92680437e-01  8.83678533e-02]\n"," [ 3.97017131e-02 -1.70015816e-01  4.84622841e-01  5.35235587e-01\n","  -2.03470210e-01 -1.83002339e-02 -6.20639257e-01 -3.39413427e-02\n","  -1.04452197e-01 -9.42623005e-02 -1.74984095e-02]\n"," [ 4.52785814e-02 -2.34555957e-01 -5.36108288e-01  3.71693454e-01\n","  -3.32573603e-01  6.20073857e-01  5.60331791e-02 -1.25475314e-01\n","   5.77545080e-02  6.59485318e-03 -2.36562286e-03]\n"," [ 2.52418816e-01 -4.28555340e-01 -3.27086240e-01  1.17757190e-01\n","   3.12336165e-01 -4.29983436e-01 -2.16568802e-02 -4.82081774e-01\n","  -3.39308934e-01 -3.44692961e-02  1.19465151e-02]\n"," [ 3.99243157e-02 -1.83678136e-01 -3.74034127e-01  2.47022666e-01\n","  -7.25421914e-02 -4.51280655e-01 -6.43224872e-02  7.14284111e-01\n","   2.00419365e-01  1.71649581e-02 -5.32298386e-03]]\n","s:\n"," [3.07514935 2.36858204 2.07552311 1.99534451 1.50962735 1.25649338\n"," 1.21060451 1.07210921 0.77147492 0.61325722 0.44731413]\n","VT:\n"," [[ 2.59763858e-01  3.64274958e-01  6.24038816e-01  5.84351780e-01\n","   1.70531101e-01  1.02869018e-01  1.21644283e-02  1.13838117e-02\n","   9.62676990e-02  1.29104992e-02  1.29104992e-02  1.47240268e-02\n","   1.47240268e-02  1.09790347e-01  8.20834332e-02  1.29828867e-02]\n"," [ 1.65336238e-01  3.02727889e-01  4.68064126e-01 -4.76626178e-01\n","  -3.29881228e-01 -2.37678548e-01 -5.15551458e-02 -5.62097804e-02\n","  -2.59137255e-01 -7.17795765e-02 -7.17795765e-02 -9.90280062e-02\n","  -9.90280062e-02 -3.57509015e-01 -1.80933290e-01 -7.75477197e-02]\n"," [-1.33800538e-02 -3.07733409e-02 -4.41533948e-02  7.48216397e-02\n","   1.03336144e-01  8.88354790e-02  2.68563945e-02  1.62905225e-01\n","   5.38857281e-01  2.33494312e-01  2.33494312e-01 -2.58300322e-01\n","  -2.58300322e-01 -5.96104495e-01 -1.57592194e-01 -1.80211979e-01]\n"," [ 2.94391436e-02  7.40123963e-02  1.03451540e-01 -1.93145621e-01\n","  -3.66583255e-01 -3.40056721e-01 -1.14059419e-01  1.78270295e-01\n","   5.31495008e-01  2.68242192e-01  2.68242192e-01  1.86280340e-01\n","   1.86280340e-01  3.69095815e-01  5.90159691e-02  1.23799507e-01]\n"," [-9.06212916e-03 -1.06513207e-01 -1.15575336e-01  3.26073644e-01\n","   1.65942906e-03 -6.51684349e-01 -5.09536535e-01 -2.93990959e-02\n","  -3.76007005e-02 -1.34781746e-01 -1.34781746e-01 -2.20301788e-01\n","  -2.20301788e-01 -6.14586305e-02  2.06896202e-01 -4.80530454e-02]\n"," [ 5.78935009e-04 -3.54429492e-03 -2.96535991e-03  9.81008819e-03\n","   3.41340615e-01 -1.63401170e-01 -2.82322144e-01  1.05998504e-02\n","   6.13493481e-03 -1.45645288e-02 -1.45645288e-02  4.93495524e-01\n","   4.93495524e-01 -2.07872353e-01 -3.42209075e-01 -3.59158802e-01]\n"," [ 1.33335934e-03 -6.15130233e-03 -4.81794299e-03  1.64079515e-02\n","  -1.65183135e-01  5.54640297e-02  1.19133170e-01  5.88510913e-01\n","   2.73989072e-01 -5.12668879e-01 -5.12668879e-01  4.62852886e-02\n","   4.62852886e-02 -2.47365577e-02 -1.78893107e-02 -5.31325356e-02]\n"," [-2.90966272e-02  7.35271043e-02  4.44304771e-02 -1.66735623e-01\n","   4.33651619e-01 -3.53849424e-02 -2.36818207e-01  1.80219877e-01\n","   2.69281237e-02 -3.16584750e-02 -3.16584750e-02 -1.17035944e-01\n","  -1.17035944e-01  9.95486480e-02 -4.49657337e-01  6.66241929e-01]\n"," [ 2.82749881e-01 -3.21061104e-01 -3.83112228e-02  2.83218919e-01\n","  -3.55148346e-01 -6.75160471e-02  1.66777756e-01 -4.69839539e-01\n","   1.90203473e-01 -1.35392862e-01 -1.35392862e-01  7.48624571e-02\n","   7.48624571e-02 -1.05168760e-01 -4.39818490e-01  2.59787273e-01]\n"," [-6.42545183e-01  5.44484222e-01 -9.80609612e-02  5.25316537e-02\n","  -5.20992706e-02 -2.04584900e-02  3.27904776e-02 -4.00067232e-01\n","   2.49608181e-01 -1.53707609e-01 -1.53707609e-01  1.07538126e-02\n","   1.07538126e-02 -1.74632838e-02 -5.62069146e-02  2.79898182e-02]\n"," [ 3.86191558e-02 -2.57493196e-02  1.28698361e-02 -3.08822043e-02\n","  -2.93760696e-01  5.90507244e-01 -7.38217036e-01 -8.80228862e-02\n","   7.04103933e-02 -3.91188395e-02 -3.91188395e-02 -5.28850471e-03\n","  -5.28850471e-03  9.51883290e-03  2.67072164e-02 -1.18998788e-02]\n"," [-2.17606151e-01 -1.69839781e-01  1.69839781e-01  4.77663700e-02\n","  -4.77663700e-02 -1.09299686e-16 -3.52344960e-18  4.77663700e-02\n","  -4.77663700e-02  4.18617804e-01 -3.70851434e-01  5.78252339e-01\n","  -4.21747661e-01 -1.56504677e-01  1.08738307e-01  1.56504677e-01]\n"," [-2.17606151e-01 -1.69839781e-01  1.69839781e-01  4.77663700e-02\n","  -4.77663700e-02 -1.12583770e-16  3.41544430e-18  4.77663700e-02\n","  -4.77663700e-02  4.18617804e-01 -3.70851434e-01 -4.21747661e-01\n","   5.78252339e-01 -1.56504677e-01  1.08738307e-01  1.56504677e-01]\n"," [-4.82356588e-01 -4.63825620e-01  4.63825620e-01  1.85309674e-02\n","  -1.85309674e-02  1.68085743e-16 -2.90008341e-16  1.85309674e-02\n","  -1.85309674e-02 -1.48149343e-01  1.66680311e-01 -1.40209862e-01\n","  -1.40209862e-01  2.80419724e-01 -2.98950691e-01 -2.80419724e-01]\n"," [ 2.00841760e-02 -2.81506070e-01  2.81506070e-01 -3.01590246e-01\n","   3.01590246e-01  2.31401821e-17 -1.13569578e-16 -3.01590246e-01\n","   3.01590246e-01 -3.52186418e-01  5.05961725e-02  9.97728220e-02\n","   9.97728220e-02 -1.99545644e-01  5.01135890e-01  1.99545644e-01]\n"," [-2.84834613e-01 -1.24797695e-02  1.24797695e-02  2.72354843e-01\n","  -2.72354843e-01 -1.57414081e-16  2.58410240e-16  2.72354843e-01\n","  -2.72354843e-01 -2.14580729e-01  4.86935572e-01  1.81764978e-01\n","   1.81764978e-01 -3.63529955e-01  9.11751121e-02  3.63529955e-01]]\n"],"name":"stdout"}]},{"cell_type":"markdown","metadata":{"id":"DRuOTjaAjkdp","colab_type":"text"},"source":["###6. 토픽 모델링"]},{"cell_type":"code","metadata":{"id":"xhztiSuocWq1","colab_type":"code","colab":{"base_uri":"https://localhost:8080/","height":34},"executionInfo":{"status":"ok","timestamp":1596292435266,"user_tz":-540,"elapsed":735,"user":{"displayName":"배진우","photoUrl":"","userId":"13417365113839528176"}},"outputId":"fd870150-9540-498a-a3f6-c871fcb4659a"},"source":["np.shape(VT) # 토픽 수 x 단어의 수"],"execution_count":null,"outputs":[{"output_type":"execute_result","data":{"text/plain":["(16, 16)"]},"metadata":{"tags":[]},"execution_count":22}]},{"cell_type":"code","metadata":{"id":"nkmz0amjcfVN","colab_type":"code","colab":{"base_uri":"https://localhost:8080/","height":298},"executionInfo":{"status":"ok","timestamp":1596294716777,"user_tz":-540,"elapsed":656,"user":{"displayName":"배진우","photoUrl":"","userId":"13417365113839528176"}},"outputId":"1ea4b8e9-2a94-4f6b-8a5b-c31b2ae7c19f"},"source":["# 각각 토픽 중 가장 값이 큰 단어 3개 출력\n","\n","# VT[0].argsort()[::-1] # VT 내림차순으로 인덱스 반환\n","\n","def topic_term(VT, number_of_term) :\n","    for idx, topic in enumerate(VT) :\n","        print(\"Topic {}\".format(idx+1), end = ' : ')\n","        for i in range(number_of_term) :\n","            temp_idx = topic.argsort()[::-1][i]\n","            print(id2word[temp_idx], topic[temp_idx].round(4),end = ', ')\n","        print()\n","        \n","topic_term(VT, 3)"],"execution_count":null,"outputs":[{"output_type":"stream","text":["Topic 1 : 포도 0.624, 짜장면 0.5844, 사과 0.3643, \n","Topic 2 : 포도 0.4681, 사과 0.3027, 바나나 0.1653, \n","Topic 3 : 스시 0.5389, 소바 0.2335, 가츠동 0.2335, \n","Topic 4 : 스시 0.5315, 김치 0.3691, 소바 0.2682, \n","Topic 5 : 짜장면 0.3261, 된장 0.2069, 짬뽕 0.0017, \n","Topic 6 : 김치찌개 0.4935, 된장찌개 0.4935, 짬뽕 0.3413, \n","Topic 7 : 라면 0.5885, 스시 0.274, 볶음밥 0.1191, \n","Topic 8 : 비빔밥 0.6662, 짬뽕 0.4337, 라면 0.1802, \n","Topic 9 : 짜장면 0.2832, 바나나 0.2827, 비빔밥 0.2598, \n","Topic 10 : 사과 0.5445, 스시 0.2496, 짜장면 0.0525, \n","Topic 11 : 탕수육 0.5905, 스시 0.0704, 바나나 0.0386, \n","Topic 12 : 된장찌개 0.5783, 가츠동 0.4186, 포도 0.1698, \n","Topic 13 : 김치찌개 0.5783, 가츠동 0.4186, 포도 0.1698, \n","Topic 14 : 포도 0.4638, 김치 0.2804, 소바 0.1667, \n","Topic 15 : 된장 0.5011, 스시 0.3016, 짬뽕 0.3016, \n","Topic 16 : 소바 0.4869, 비빔밥 0.3635, 라면 0.2724, \n"],"name":"stdout"}]},{"cell_type":"markdown","metadata":{"id":"ijuEH5w6sL6S","colab_type":"text"},"source":["###Topic_modeling(LSA) 클래스화"]},{"cell_type":"code","metadata":{"id":"IhUeUp73FGEE","colab_type":"code","colab":{}},"source":[""],"execution_count":null,"outputs":[]},{"cell_type":"code","metadata":{"id":"szwk05shCzEL","colab_type":"code","colab":{}},"source":["#문서리스트 토큰화\n","class Topic_modeling_LSA :\n","    def split_doc2token(docs) : \n","        doc_ls = [doc.split() for doc in docs]\n","        return doc_ls\n","\n","    # 토큰의 인덱스 생성\n","    def word2id(doc_ls) :\n","        from collections import defaultdict\n","\n","        word2id = defaultdict(lambda : len(word2id))\n","        [word2id[token] for doc in doc_ls for token in doc ]     \n","\n","        return word2id\n","\n","    # 토큰의 인덱스를 키로 갖는 사전 생성\n","    def id2word(word2id) :\n","\n","        id2word ={}\n","        for k,v in word2id.items():\n","            id2word[v] = k\n","        return id2word\n","\n","    def make_DTM(doc_ls, word2id) :\n","        import numpy as np \n","\n","        TDM = np.zeros((len(word2id), len(doc_ls)), dtype=int)\n","        for i, doc in enumerate(doc_ls):\n","            for token in doc:\n","                TDM[word2id[token], i] += 1 \n","\n","        DTM = TDM.transpose()\n","\n","        return DTM\n","\n","    def topic_modeling(DTM, number_of_term) :\n","        U, s, VT = np.linalg.svd(DTM)\n","\n","        for idx, topic in enumerate(VT) :\n","            print(\"Topic {}\".format(idx+1), end = ' : ')\n","            for i in range(number_of_term) :\n","                temp_idx = topic.argsort()[::-1][i]\n","                print(id2word[temp_idx], topic[temp_idx].round(4),end = ', ')\n","            print()\n"],"execution_count":null,"outputs":[]},{"cell_type":"code","metadata":{"id":"oqUUuQe6q-ml","colab_type":"code","colab":{"base_uri":"https://localhost:8080/","height":298},"executionInfo":{"status":"ok","timestamp":1596296560727,"user_tz":-540,"elapsed":746,"user":{"displayName":"배진우","photoUrl":"","userId":"13417365113839528176"}},"outputId":"6f817e04-f515-4ec2-a711-65aa015fcaaf"},"source":["test = Topic_modeling_LSA\n","\n","doc_ls = test.split_doc2token(docs)\n","\n","word2id = test.word2id(doc_ls)\n","\n","id2word = test.id2word(word2id)\n","\n","DTM = test.make_DTM(doc_ls, word2id)\n","\n","test.topic_modeling(DTM, 3)"],"execution_count":null,"outputs":[{"output_type":"stream","text":["Topic 1 : 포도 0.624, 짜장면 0.5844, 사과 0.3643, \n","Topic 2 : 포도 0.4681, 사과 0.3027, 바나나 0.1653, \n","Topic 3 : 스시 0.5389, 소바 0.2335, 가츠동 0.2335, \n","Topic 4 : 스시 0.5315, 김치 0.3691, 소바 0.2682, \n","Topic 5 : 짜장면 0.3261, 된장 0.2069, 짬뽕 0.0017, \n","Topic 6 : 김치찌개 0.4935, 된장찌개 0.4935, 짬뽕 0.3413, \n","Topic 7 : 라면 0.5885, 스시 0.274, 볶음밥 0.1191, \n","Topic 8 : 비빔밥 0.6662, 짬뽕 0.4337, 라면 0.1802, \n","Topic 9 : 짜장면 0.2832, 바나나 0.2827, 비빔밥 0.2598, \n","Topic 10 : 사과 0.5445, 스시 0.2496, 짜장면 0.0525, \n","Topic 11 : 탕수육 0.5905, 스시 0.0704, 바나나 0.0386, \n","Topic 12 : 된장찌개 0.5783, 가츠동 0.4186, 포도 0.1698, \n","Topic 13 : 김치찌개 0.5783, 가츠동 0.4186, 포도 0.1698, \n","Topic 14 : 포도 0.4638, 김치 0.2804, 소바 0.1667, \n","Topic 15 : 된장 0.5011, 스시 0.3016, 짬뽕 0.3016, \n","Topic 16 : 소바 0.4869, 비빔밥 0.3635, 라면 0.2724, \n"],"name":"stdout"}]},{"cell_type":"code","metadata":{"id":"Ol5_4tGqrOPy","colab_type":"code","colab":{}},"source":[""],"execution_count":null,"outputs":[]}]}